#Parameters estimated from DBLalpha Pr/HB3/3D7 set

Gap initiation: 0.01259
Gap extension:  0.66192

State frequencies:
?	0.00000
A	0.05216
R	0.06610
N	0.07152
D	0.07812
C	0.05255
Q	0.03623
E	0.07161
G	0.06385
H	0.02071
I	0.04382
L	0.06108
K	0.11351
M	0.00702
F	0.03787
P	0.02533
S	0.04653
T	0.04749
W	0.02010
Y	0.05150
V	0.03289
B	0.00000
Z	0.00000
X	0.00000
.	0.00000

Emission probabilities:
	?	A	R	N	D	C	Q	E	G	H	I	L	K	M	F	P	S	T	W	Y	V	B	Z	X	.	
?	0.04000	0.04000	0.04000	0.04000	0.04000	0.04000	0.04000	0.04000	0.04000	0.04000	0.04000	0.04000	0.04000	0.04000	0.04000	0.04000	0.04000	0.04000	0.04000	0.04000	0.04000	0.04000	0.04000	0.04000	0.04000	
A	0.00000	0.78613	0.00520	0.00759	0.02223	0.00001	0.00562	0.02156	0.02970	0.00442	0.00617	0.01890	0.01479	0.00118	0.00006	0.00912	0.02110	0.02077	0.00079	0.00273	0.02192	0.00000	0.00000	0.00000	0.00000	
R	0.00000	0.00321	0.81085	0.01093	0.00235	0.00008	0.01677	0.00953	0.01383	0.01184	0.00628	0.00946	0.06322	0.00063	0.00108	0.00563	0.01153	0.01315	0.00032	0.00537	0.00391	0.00000	0.00000	0.00000	0.00000	
N	0.00000	0.00622	0.01072	0.60346	0.07736	0.00000	0.01340	0.03619	0.03279	0.02161	0.00956	0.00218	0.09768	0.00100	0.00097	0.00393	0.03651	0.02946	0.00000	0.01308	0.00384	0.00000	0.00000	0.00000	0.00000	
D	0.00000	0.01291	0.00218	0.06670	0.68466	0.00069	0.00732	0.06714	0.03732	0.01325	0.00320	0.00469	0.03514	0.00048	0.00025	0.00517	0.02084	0.01972	0.00000	0.01292	0.00542	0.00000	0.00000	0.00000	0.00000	
C	0.00000	0.00001	0.00011	0.00000	0.00066	0.98535	0.00000	0.00001	0.00247	0.00000	0.00037	0.00210	0.00000	0.00000	0.00116	0.00001	0.00122	0.00053	0.00000	0.00568	0.00029	0.00000	0.00000	0.00000	0.00000	
Q	0.00001	0.00685	0.02550	0.03029	0.01326	0.00001	0.61532	0.09589	0.01117	0.01084	0.00551	0.00701	0.12732	0.00378	0.00050	0.00814	0.00589	0.02073	0.00001	0.00715	0.00481	0.00001	0.00001	0.00001	0.00001	
E	0.00000	0.01652	0.00743	0.03389	0.07123	0.00001	0.04798	0.63792	0.02742	0.00667	0.00461	0.00752	0.08302	0.00114	0.00000	0.00710	0.01625	0.01690	0.00022	0.00397	0.01018	0.00000	0.00000	0.00000	0.00000	
G	0.00000	0.02625	0.01634	0.03828	0.04774	0.00148	0.00713	0.03086	0.72170	0.00551	0.00128	0.00251	0.03300	0.00024	0.00076	0.01453	0.03221	0.00945	0.00000	0.00453	0.00618	0.00000	0.00000	0.00000	0.00000	
H	0.00001	0.00876	0.03725	0.07933	0.04219	0.00001	0.01813	0.02611	0.01216	0.56859	0.00308	0.00904	0.04716	0.00103	0.00653	0.01229	0.02292	0.00782	0.00001	0.09585	0.00168	0.00001	0.00001	0.00001	0.00001	
I	0.00000	0.00750	0.01233	0.01660	0.00466	0.00003	0.00450	0.00456	0.00250	0.00239	0.75788	0.04464	0.03649	0.02523	0.00295	0.00093	0.00599	0.01674	0.00098	0.00702	0.04604	0.00000	0.00000	0.00000	0.00000	
L	0.00000	0.01660	0.00879	0.00214	0.00546	0.00086	0.00644	0.00967	0.00335	0.00367	0.03345	0.83266	0.00844	0.00861	0.01003	0.00408	0.00911	0.00256	0.00071	0.00787	0.02547	0.00000	0.00000	0.00000	0.00000	
K	0.00000	0.00709	0.04313	0.06503	0.02415	0.00000	0.04732	0.05488	0.01904	0.00882	0.01603	0.00454	0.65023	0.00169	0.00099	0.00545	0.01459	0.02212	0.00000	0.00862	0.00628	0.00000	0.00000	0.00000	0.00000	
M	0.00003	0.01220	0.00347	0.00696	0.00410	0.00003	0.01279	0.01458	0.00311	0.00005	0.13592	0.09457	0.01492	0.53944	0.01406	0.00006	0.01401	0.03209	0.00321	0.03657	0.05772	0.00003	0.00003	0.00003	0.00003	
F	0.00001	0.00125	0.00334	0.00244	0.00008	0.00154	0.00008	0.00001	0.00133	0.00585	0.00518	0.01753	0.00190	0.00143	0.84501	0.00365	0.00934	0.00068	0.00001	0.09021	0.00913	0.00001	0.00001	0.00001	0.00001	
P	0.00001	0.01845	0.00933	0.00778	0.01616	0.00012	0.01154	0.02141	0.02388	0.00654	0.00126	0.00967	0.01718	0.00053	0.00647	0.79158	0.02379	0.01236	0.00090	0.00426	0.01672	0.00001	0.00001	0.00001	0.00001	
S	0.00000	0.02363	0.01999	0.05435	0.03387	0.00059	0.00541	0.01812	0.04317	0.01349	0.00606	0.01441	0.03175	0.00317	0.00692	0.01244	0.65409	0.03845	0.00015	0.01213	0.00781	0.00000	0.00000	0.00000	0.00000	
T	0.00000	0.02686	0.02054	0.04374	0.02530	0.00048	0.01322	0.02398	0.01076	0.00431	0.02032	0.00306	0.05383	0.00586	0.00097	0.00658	0.03849	0.69324	0.00001	0.00294	0.00551	0.00000	0.00000	0.00000	0.00000	
W	0.00001	0.00162	0.00107	0.00002	0.00001	0.00001	0.00014	0.00044	0.00002	0.00001	0.00199	0.00012	0.00001	0.00107	0.00001	0.00175	0.00112	0.00001	0.99051	0.00001	0.00001	0.00001	0.00001	0.00001	0.00001	
Y	0.00000	0.00067	0.00526	0.01766	0.01603	0.00394	0.00714	0.00843	0.00479	0.03983	0.00511	0.01161	0.01773	0.00563	0.07162	0.00385	0.00863	0.00407	0.00000	0.76550	0.00248	0.00000	0.00000	0.00000	0.00000	
V	0.00001	0.03453	0.00622	0.00555	0.01429	0.00084	0.00512	0.02281	0.01343	0.00077	0.05605	0.04594	0.02009	0.01183	0.01002	0.01448	0.00790	0.00735	0.00001	0.00317	0.71958	0.00001	0.00001	0.00001	0.00001	
B	0.04000	0.04000	0.04000	0.04000	0.04000	0.04000	0.04000	0.04000	0.04000	0.04000	0.04000	0.04000	0.04000	0.04000	0.04000	0.04000	0.04000	0.04000	0.04000	0.04000	0.04000	0.04000	0.04000	0.04000	0.04000	
Z	0.04000	0.04000	0.04000	0.04000	0.04000	0.04000	0.04000	0.04000	0.04000	0.04000	0.04000	0.04000	0.04000	0.04000	0.04000	0.04000	0.04000	0.04000	0.04000	0.04000	0.04000	0.04000	0.04000	0.04000	0.04000	
X	0.04000	0.04000	0.04000	0.04000	0.04000	0.04000	0.04000	0.04000	0.04000	0.04000	0.04000	0.04000	0.04000	0.04000	0.04000	0.04000	0.04000	0.04000	0.04000	0.04000	0.04000	0.04000	0.04000	0.04000	0.04000	
.	0.04000	0.04000	0.04000	0.04000	0.04000	0.04000	0.04000	0.04000	0.04000	0.04000	0.04000	0.04000	0.04000	0.04000	0.04000	0.04000	0.04000	0.04000	0.04000	0.04000	0.04000	0.04000	0.04000	0.04000	0.04000	

